2.96470588235294
2.97254901960784
2.97647058823529
2.97647058823529
2.96862745098039
2.95686274509804
2.93333333333333
2.89803921568627
2.83921568627451
2.76078431372549
2.64313725490196
2.50196078431373
2.32549019607843
2.12941176470588
1.92941176470588
1.73725490196078
1.55686274509804
1.38823529411765
1.25490196078431
1.15294117647059
1.07450980392157
1.01960784313725
0.984313725490196
0.964705882352941
0.952941176470588
0.952941176470588
0.956862745098039
0.972549019607843
0.996078431372549
2.97647058823529
2.9843137254902
2.98823529411765
2.98823529411765
2.98039215686275
2.97254901960784
2.95294117647059
2.91764705882353
2.85882352941176
2.77647058823529
2.65490196078431
2.49803921568627
2.30588235294118
2.09019607843137
1.87058823529412
1.65882352941176
1.46274509803922
1.29411764705882
1.16470588235294
1.06274509803922
0.988235294117647
0.941176470588235
0.913725490196078
0.894117647058823
0.890196078431373
0.894117647058823
0.901960784313725
0.92156862745098
0.945098039215686
2.9843137254902
2.98823529411765
2.9921568627451
2.9921568627451
2.98823529411765
2.98039215686275
2.96470588235294
2.93333333333333
2.87843137254902
2.78823529411765
2.65490196078431
2.48627450980392
2.27450980392157
2.03921568627451
1.80392156862745
1.58039215686275
1.36470588235294
1.19607843137255
1.06666666666667
0.976470588235294
0.909803921568627
0.870588235294118
0.847058823529412
0.835294117647059
0.835294117647059
0.83921568627451
0.858823529411765
0.87843137254902
0.909803921568627
2.98823529411765
2.9921568627451
2.9921568627451
2.9921568627451
2.9921568627451
2.98823529411765
2.97254901960784
2.93725490196078
2.88235294117647
2.78823529411765
2.65098039215686
2.46274509803922
2.23529411764706
1.98039215686274
1.72549019607843
1.48235294117647
1.26274509803922
1.10196078431373
0.976470588235294
0.894117647058823
0.83921568627451
0.803921568627451
0.784313725490196
0.780392156862745
0.784313725490196
0.796078431372549
0.815686274509804
0.83921568627451
0.870588235294118
2.98823529411765
2.9921568627451
2.9921568627451
2.9921568627451
2.9921568627451
2.98823529411765
2.97254901960784
2.93725490196078
2.87450980392157
2.77254901960784
2.62352941176471
2.42352941176471
2.17254901960784
1.90196078431373
1.63921568627451
1.38039215686275
1.16862745098039
1.0078431372549
0.901960784313725
0.827450980392157
0.776470588235294
0.752941176470588
0.741176470588235
0.733333333333333
0.741176470588235
0.752941176470588
0.776470588235294
0.803921568627451
0.83921568627451
2.9843137254902
2.9921568627451
2.9921568627451
2.9921568627451
2.9921568627451
2.9843137254902
2.96470588235294
2.92549019607843
2.85490196078431
2.74509803921569
2.5843137254902
2.36862745098039
2.10588235294118
1.82352941176471
1.54901960784314
1.28627450980392
1.08235294117647
0.933333333333333
0.835294117647059
0.772549019607843
0.733333333333333
0.709803921568627
0.701960784313725
0.701960784313725
0.709803921568627
0.72156862745098
0.745098039215686
0.776470588235294
0.815686274509804
2.97647058823529
2.9843137254902
2.98823529411765
2.98823529411765
2.98823529411765
2.97254901960784
2.94901960784314
2.89803921568627
2.82352941176471
2.69803921568627
2.52156862745098
2.29411764705882
2.02352941176471
1.73725490196078
1.45490196078431
1.2
1.0078431372549
0.870588235294118
0.784313725490196
0.729411764705882
0.698039215686274
0.682352941176471
0.67843137254902
0.67843137254902
0.686274509803922
0.698039215686274
0.72156862745098
0.752941176470588
0.792156862745098
2.95686274509804
2.96470588235294
2.97647058823529
2.97647058823529
2.96470588235294
2.94901960784314
2.91764705882353
2.85882352941176
2.76862745098039
2.63529411764706
2.44705882352941
2.21176470588235
1.93725490196078
1.65490196078431
1.37647058823529
1.13333333333333
0.952941176470588
0.827450980392157
0.745098039215686
0.701960784313725
0.67843137254902
0.666666666666667
0.658823529411765
0.658823529411765
0.670588235294118
0.682352941176471
0.705882352941176
0.741176470588235
0.784313725490196
2.92156862745098
2.93725490196078
2.94509803921569
2.94509803921569
2.93333333333333
2.90588235294118
2.86666666666667
2.79607843137255
2.69411764705882
2.54509803921569
2.35294117647059
2.11764705882353
1.85098039215686
1.58039215686275
1.30588235294118
1.08235294117647
0.913725490196078
0.796078431372549
0.725490196078431
0.682352941176471
0.666666666666667
0.654901960784314
0.650980392156863
0.654901960784314
0.658823529411765
0.670588235294118
0.698039215686274
0.733333333333333
0.776470588235294
2.86666666666667
2.88235294117647
2.89019607843137
2.88627450980392
2.87058823529412
2.83921568627451
2.7843137254902
2.70588235294118
2.59607843137255
2.43921568627451
2.24705882352941
2.01960784313725
1.76862745098039
1.51372549019608
1.25882352941176
1.05098039215686
0.890196078431373
0.784313725490196
0.717647058823529
0.67843137254902
0.658823529411765
0.650980392156863
0.650980392156863
0.650980392156863
0.658823529411765
0.670588235294118
0.698039215686274
0.733333333333333
0.784313725490196
2.78039215686275
2.8
2.80392156862745
2.8
2.77647058823529
2.73725490196078
2.67843137254902
2.58823529411765
2.47058823529412
2.31764705882353
2.13333333333333
1.92549019607843
1.69803921568627
1.45490196078431
1.22745098039216
1.03921568627451
0.890196078431373
0.788235294117647
0.72156862745098
0.67843137254902
0.658823529411765
0.650980392156863
0.650980392156863
0.650980392156863
0.658823529411765
0.674509803921569
0.701960784313725
0.745098039215686
0.803921568627451
2.65490196078431
2.67058823529412
2.67843137254902
2.66666666666667
2.63921568627451
2.59607843137255
2.53333333333333
2.44313725490196
2.32941176470588
2.18823529411765
2.01960784313725
1.83529411764706
1.63529411764706
1.41960784313726
1.21960784313726
1.04313725490196
0.909803921568627
0.803921568627451
0.733333333333333
0.690196078431373
0.670588235294118
0.658823529411765
0.654901960784314
0.658823529411765
0.666666666666667
0.690196078431373
0.72156862745098
0.772549019607843
0.83921568627451
2.49019607843137
2.50196078431373
2.50196078431373
2.49019607843137
2.46274509803922
2.4156862745098
2.35686274509804
2.27450980392157
2.17254901960784
2.05098039215686
1.90980392156863
1.75294117647059
1.58823529411765
1.4
1.22352941176471
1.07058823529412
0.941176470588235
0.83921568627451
0.772549019607843
0.72156862745098
0.690196078431373
0.67843137254902
0.670588235294118
0.67843137254902
0.690196078431373
0.72156862745098
0.764705882352941
0.827450980392157
0.909803921568627
2.27843137254902
2.28627450980392
2.27843137254902
2.26666666666667
2.23921568627451
2.20392156862745
2.15294117647059
2.08627450980392
2.0078431372549
1.91372549019608
1.80392156862745
1.68235294117647
1.54509803921569
1.3921568627451
1.24705882352941
1.11372549019608
0.996078431372549
0.901960784313725
0.827450980392157
0.772549019607843
0.741176470588235
0.717647058823529
0.709803921568627
0.72156862745098
0.741176470588235
0.784313725490196
0.83921568627451
0.92156862745098
1.0078431372549
2.03529411764706
2.03529411764706
2.02352941176471
2.01176470588235
1.9921568627451
1.96470588235294
1.92941176470588
1.88627450980392
1.83529411764706
1.77647058823529
1.69803921568627
1.6156862745098
1.51372549019608
1.39607843137255
1.28235294117647
1.16862745098039
1.07058823529412
0.984313725490196
0.909803921568627
0.858823529411765
0.819607843137255
0.796078431372549
0.796078431372549
0.807843137254902
0.83921568627451
0.898039215686274
0.972549019607843
1.06274509803922
1.16470588235294
1.78039215686275
1.76862745098039
1.75294117647059
1.74117647058824
1.73333333333333
1.72156862745098
1.70980392156863
1.69019607843137
1.67058823529412
1.63921568627451
1.6
1.54901960784314
1.48235294117647
1.4078431372549
1.32549019607843
1.24313725490196
1.16470588235294
1.09411764705882
1.03137254901961
0.984313725490196
0.952941176470588
0.933333333333333
0.941176470588235
0.964705882352941
1.0156862745098
1.08235294117647
1.17647058823529
1.27843137254902
1.38823529411765
1.52549019607843
1.50196078431373
1.48627450980392
1.47450980392157
1.47450980392157
1.47450980392157
1.48235294117647
1.48627450980392
1.49411764705882
1.49803921568627
1.49411764705882
1.48235294117647
1.45490196078431
1.41960784313726
1.37647058823529
1.32549019607843
1.27843137254902
1.23137254901961
1.18823529411765
1.15686274509804
1.14509803921569
1.14509803921569
1.16862745098039
1.21176470588235
1.28235294117647
1.36470588235294
1.46274509803922
1.56862745098039
1.65882352941176
1.28235294117647
1.25098039215686
1.23529411764706
1.22745098039216
1.23137254901961
1.24313725490196
1.26274509803922
1.29411764705882
1.32549019607843
1.36078431372549
1.3921568627451
1.4156862745098
1.43137254901961
1.43529411764706
1.43137254901961
1.41960784313726
1.4078431372549
1.38823529411765
1.38039215686275
1.38039215686275
1.39607843137255
1.42745098039216
1.48235294117647
1.54901960784314
1.63137254901961
1.71372549019608
1.79607843137255
1.87450980392157
1.94509803921569
1.08235294117647
1.05098039215686
1.03529411764706
1.02745098039216
1.03529411764706
1.05098039215686
1.08235294117647
1.12549019607843
1.17647058823529
1.23137254901961
1.29411764705882
1.34901960784314
1.4
1.44313725490196
1.48235294117647
1.51372549019608
1.53725490196078
1.56470588235294
1.59607843137255
1.63137254901961
1.68235294117647
1.74117647058824
1.8156862745098
1.89803921568627
1.9843137254902
2.06666666666667
2.14117647058824
2.19607843137255
2.23529411764706
0.933333333333333
0.905882352941176
0.890196078431373
0.882352941176471
0.890196078431373
0.909803921568627
0.945098039215686
0.992156862745098
1.05098039215686
1.12156862745098
1.2
1.28235294117647
1.36862745098039
1.45098039215686
1.52549019607843
1.6
1.65882352941176
1.72549019607843
1.7921568627451
1.87058823529412
1.95294117647059
2.04705882352941
2.14117647058824
2.23529411764706
2.32156862745098
2.39607843137255
2.44705882352941
2.47843137254902
2.49411764705882
0.831372549019608
0.807843137254902
0.792156862745098
0.784313725490196
0.792156862745098
0.807843137254902
0.83921568627451
0.890196078431373
0.952941176470588
1.02745098039216
1.12156862745098
1.22352941176471
1.33333333333333
1.45098039215686
1.56862745098039
1.67058823529412
1.76862745098039
1.87450980392157
1.98039215686274
2.08627450980392
2.2
2.31372549019608
2.42352941176471
2.51764705882353
2.58823529411765
2.64313725490196
2.67843137254902
2.69411764705882
2.69019607843137
0.764705882352941
0.741176470588235
0.729411764705882
0.72156862745098
0.729411764705882
0.745098039215686
0.772549019607843
0.811764705882353
0.870588235294118
0.952941176470588
1.04705882352941
1.16470588235294
1.30196078431373
1.44313725490196
1.59607843137255
1.73333333333333
1.87058823529412
2.0078431372549
2.14117647058824
2.27843137254902
2.4078431372549
2.52941176470588
2.62745098039216
2.71764705882353
2.77647058823529
2.8156862745098
2.83137254901961
2.83921568627451
2.82745098039216
0.72156862745098
0.701960784313725
0.690196078431373
0.690196078431373
0.690196078431373
0.701960784313725
0.72156862745098
0.76078431372549
0.815686274509804
0.890196078431373
0.988235294117647
1.11764705882353
1.27058823529412
1.43921568627451
1.61960784313725
1.78823529411765
1.95686274509804
2.11764705882353
2.27843137254902
2.42745098039216
2.56078431372549
2.67843137254902
2.77254901960784
2.83921568627451
2.88627450980392
2.91372549019608
2.92156862745098
2.92156862745098
2.90980392156863
0.698039215686274
0.682352941176471
0.674509803921569
0.670588235294118
0.670588235294118
0.67843137254902
0.698039215686274
0.729411764705882
0.776470588235294
0.847058823529412
0.945098039215686
1.07843137254902
1.24313725490196
1.43137254901961
1.63529411764706
1.83137254901961
2.02352941176471
2.21176470588235
2.3843137254902
2.54117647058824
2.67450980392157
2.78039215686275
2.85882352941176
2.91372549019608
2.94901960784314
2.96470588235294
2.97254901960784
2.96470588235294
2.95294117647059
0.682352941176471
0.670588235294118
0.666666666666667
0.666666666666667
0.666666666666667
0.670588235294118
0.682352941176471
0.709803921568627
0.752941176470588
0.819607843137255
0.917647058823529
1.05098039215686
1.22745098039216
1.43137254901961
1.65490196078431
1.87058823529412
2.08627450980392
2.28627450980392
2.46666666666667
2.62352941176471
2.74901960784314
2.84313725490196
2.90980392156863
2.95294117647059
2.97647058823529
2.98823529411765
2.98823529411765
2.98823529411765
2.97647058823529
0.67843137254902
0.666666666666667
0.666666666666667
0.666666666666667
0.666666666666667
0.666666666666667
0.67843137254902
0.698039215686274
0.741176470588235
0.803921568627451
0.901960784313725
1.03921568627451
1.2156862745098
1.43137254901961
1.67058823529412
1.89803921568627
2.12549019607843
2.33333333333333
2.52156862745098
2.67450980392157
2.7921568627451
2.87843137254902
2.93725490196078
2.97254901960784
2.98823529411765
2.9921568627451
2.9921568627451
2.9921568627451
2.98823529411765
0.67843137254902
0.666666666666667
0.666666666666667
0.666666666666667
0.666666666666667
0.666666666666667
0.67843137254902
0.698039215686274
0.733333333333333
0.796078431372549
0.898039215686274
1.03529411764706
1.2156862745098
1.43921568627451
1.68235294117647
1.92156862745098
2.15686274509804
2.37254901960784
2.55686274509804
2.70588235294118
2.8156862745098
2.89411764705882
2.94901960784314
2.97647058823529
2.9921568627451
2.9921568627451
2.9921568627451
2.9921568627451
2.98823529411765
0.67843137254902
0.670588235294118
0.666666666666667
0.666666666666667
0.666666666666667
0.670588235294118
0.67843137254902
0.701960784313725
0.741176470588235
0.807843137254902
0.901960784313725
1.03921568627451
1.22745098039216
1.45098039215686
1.69803921568627
1.93725490196078
2.17254901960784
2.38823529411765
2.57254901960784
2.71764705882353
2.82352941176471
2.89803921568627
2.94901960784314
2.97647058823529
2.98823529411765
2.9921568627451
2.9921568627451
2.9921568627451
2.98823529411765
0.686274509803922
0.67843137254902
0.670588235294118
0.670588235294118
0.670588235294118
0.67843137254902
0.690196078431373
0.713725490196078
0.756862745098039
0.823529411764706
0.92156862745098
1.06274509803922
1.24313725490196
1.47058823529412
1.70980392156863
1.94901960784314
2.1843137254902
2.39607843137255
2.57254901960784
2.70980392156863
2.8156862745098
2.89411764705882
2.93725490196078
2.96470588235294
2.9843137254902
2.98823529411765
2.9921568627451
2.98823529411765
2.9843137254902
