1.10196078431373
1.10588235294118
1.11372549019608
1.12156862745098
1.13333333333333
1.14509803921569
1.15686274509804
1.17647058823529
1.2
1.22745098039216
1.25490196078431
1.29019607843137
1.32549019607843
1.36862745098039
1.41960784313726
1.47058823529412
1.52941176470588
1.5921568627451
1.65098039215686
1.71372549019608
1.7843137254902
1.85882352941176
1.92941176470588
2.0078431372549
2.09019607843137
2.16862745098039
2.24705882352941
2.32549019607843
2.4
2.47450980392157
2.54509803921569
2.6078431372549
2.66666666666667
2.71764705882353
2.76470588235294
2.81176470588235
2.84313725490196
2.87843137254902
2.90588235294118
2.92549019607843
2.94509803921569
2.96078431372549
2.97254901960784
2.97647058823529
2.9843137254902
2.98823529411765
2.9921568627451
2.9921568627451
2.9921568627451
2.9921568627451
2.9921568627451
2.9921568627451
2.9921568627451
2.9921568627451
1.07058823529412
1.07450980392157
1.07843137254902
1.08235294117647
1.09411764705882
1.10588235294118
1.12156862745098
1.13725490196078
1.15686274509804
1.1843137254902
1.2156862745098
1.24705882352941
1.28235294117647
1.32549019607843
1.37647058823529
1.42352941176471
1.48235294117647
1.54509803921569
1.6078431372549
1.67450980392157
1.74901960784314
1.81960784313726
1.89803921568627
1.97647058823529
2.05882352941176
2.14117647058824
2.22352941176471
2.30196078431373
2.38039215686275
2.45490196078431
2.52941176470588
2.59607843137255
2.65490196078431
2.70980392156863
2.76078431372549
2.80392156862745
2.84313725490196
2.87843137254902
2.90588235294118
2.92549019607843
2.94509803921569
2.96078431372549
2.97254901960784
2.98039215686275
2.98823529411765
2.98823529411765
2.9921568627451
2.9921568627451
2.9921568627451
2.9921568627451
2.9921568627451
2.9921568627451
2.9921568627451
2.9921568627451
1.03921568627451
1.04313725490196
1.04705882352941
1.05098039215686
1.05882352941176
1.07058823529412
1.08235294117647
1.10196078431373
1.12156862745098
1.14509803921569
1.17254901960784
1.20392156862745
1.23921568627451
1.28235294117647
1.32549019607843
1.38039215686275
1.43921568627451
1.49803921568627
1.56862745098039
1.63529411764706
1.70588235294118
1.78039215686275
1.85882352941176
1.94117647058824
2.02352941176471
2.10588235294118
2.1921568627451
2.27450980392157
2.35686274509804
2.43529411764706
2.50588235294118
2.57647058823529
2.63921568627451
2.69803921568627
2.74901960784314
2.8
2.83921568627451
2.87058823529412
2.89803921568627
2.92549019607843
2.94509803921569
2.96078431372549
2.97254901960784
2.98039215686275
2.98823529411765
2.9921568627451
2.9921568627451
2.9921568627451
2.9921568627451
2.9921568627451
2.9921568627451
2.9921568627451
2.9921568627451
2.9921568627451
1.01176470588235
1.01176470588235
1.0156862745098
1.01960784313725
1.02745098039216
1.03529411764706
1.04705882352941
1.06274509803922
1.08235294117647
1.10196078431373
1.13333333333333
1.16470588235294
1.19607843137255
1.23921568627451
1.28235294117647
1.33333333333333
1.38823529411765
1.45098039215686
1.51764705882353
1.5921568627451
1.66274509803922
1.73725490196078
1.81960784313726
1.90196078431373
1.9843137254902
2.07450980392157
2.15686274509804
2.24705882352941
2.32941176470588
2.41176470588235
2.49019607843137
2.56078431372549
2.62745098039216
2.68235294117647
2.73725490196078
2.78823529411765
2.82745098039216
2.86666666666667
2.89411764705882
2.92156862745098
2.94117647058824
2.95686274509804
2.97254901960784
2.97647058823529
2.98823529411765
2.9921568627451
2.9921568627451
2.9921568627451
2.9921568627451
2.9921568627451
2.9921568627451
2.9921568627451
2.9921568627451
2.9921568627451
0.984313725490196
0.984313725490196
0.984313725490196
0.984313725490196
0.988235294117647
1
1.0078431372549
1.02745098039216
1.04313725490196
1.06274509803922
1.09019607843137
1.12156862745098
1.15294117647059
1.18823529411765
1.23921568627451
1.28627450980392
1.34509803921569
1.4
1.47058823529412
1.54509803921569
1.61960784313725
1.69803921568627
1.77647058823529
1.85882352941176
1.94509803921569
2.03529411764706
2.12549019607843
2.21176470588235
2.30196078431373
2.3843137254902
2.46274509803922
2.53333333333333
2.60392156862745
2.66666666666667
2.72549019607843
2.77647058823529
2.81960784313725
2.85490196078431
2.88627450980392
2.91372549019608
2.93725490196078
2.95294117647059
2.96470588235294
2.97647058823529
2.9843137254902
2.98823529411765
2.9921568627451
2.9921568627451
2.9921568627451
2.9921568627451
2.9921568627451
2.9921568627451
2.9921568627451
2.9921568627451
0.952941176470588
0.952941176470588
0.952941176470588
0.952941176470588
0.956862745098039
0.964705882352941
0.976470588235294
0.988235294117647
1.00392156862745
1.02745098039216
1.05098039215686
1.07843137254902
1.10980392156863
1.14509803921569
1.18823529411765
1.23921568627451
1.29411764705882
1.35686274509804
1.41960784313726
1.49411764705882
1.57647058823529
1.65490196078431
1.72941176470588
1.8156862745098
1.90196078431373
1.99607843137255
2.08627450980392
2.17254901960784
2.26274509803922
2.34901960784314
2.43529411764706
2.50980392156863
2.5843137254902
2.65098039215686
2.70588235294118
2.76078431372549
2.80392156862745
2.84313725490196
2.87843137254902
2.90588235294118
2.92941176470588
2.94901960784314
2.96078431372549
2.97254901960784
2.98039215686275
2.98823529411765
2.9921568627451
2.9921568627451
2.9921568627451
2.9921568627451
2.9921568627451
2.9921568627451
2.9921568627451
2.9921568627451
0.925490196078431
0.92156862745098
0.92156862745098
0.92156862745098
0.925490196078431
0.933333333333333
0.941176470588235
0.952941176470588
0.968627450980392
0.988235294117647
1.0078431372549
1.03921568627451
1.07058823529412
1.10196078431373
1.14509803921569
1.19607843137255
1.24705882352941
1.30588235294118
1.37647058823529
1.44313725490196
1.52549019607843
1.6078431372549
1.68627450980392
1.76862745098039
1.85882352941176
1.95294117647059
2.04313725490196
2.13725490196078
2.22745098039216
2.31372549019608
2.4
2.47843137254902
2.55686274509804
2.62352941176471
2.68235294117647
2.73725490196078
2.78823529411765
2.82745098039216
2.86666666666667
2.89411764705882
2.92156862745098
2.93725490196078
2.95294117647059
2.96470588235294
2.97647058823529
2.9843137254902
2.98823529411765
2.9921568627451
2.9921568627451
2.9921568627451
2.9921568627451
2.9921568627451
2.9921568627451
2.98823529411765
0.898039215686274
0.894117647058823
0.890196078431373
0.890196078431373
0.894117647058823
0.901960784313725
0.909803921568627
0.92156862745098
0.933333333333333
0.952941176470588
0.972549019607843
0.996078431372549
1.02745098039216
1.06274509803922
1.10196078431373
1.14901960784314
1.2
1.25882352941176
1.32549019607843
1.39607843137255
1.47450980392157
1.55686274509804
1.64313725490196
1.72549019607843
1.8156862745098
1.90588235294118
2
2.09019607843137
2.1843137254902
2.27450980392157
2.36078431372549
2.44705882352941
2.52156862745098
2.59607843137255
2.65490196078431
2.71764705882353
2.76470588235294
2.81176470588235
2.84705882352941
2.88235294117647
2.90588235294118
2.92549019607843
2.94509803921569
2.96078431372549
2.97254901960784
2.97647058823529
2.9843137254902
2.98823529411765
2.98823529411765
2.98823529411765
2.98823529411765
2.98823529411765
2.98823529411765
2.98823529411765
0.870588235294118
0.866666666666667
0.862745098039216
0.862745098039216
0.862745098039216
0.870588235294118
0.87843137254902
0.882352941176471
0.898039215686274
0.913725490196078
0.933333333333333
0.956862745098039
0.988235294117647
1.01960784313725
1.05882352941176
1.10588235294118
1.15686274509804
1.21176470588235
1.27450980392157
1.34509803921569
1.42352941176471
1.50588235294118
1.59607843137255
1.68235294117647
1.76862745098039
1.85882352941176
1.95294117647059
2.04705882352941
2.14117647058824
2.23529411764706
2.32156862745098
2.4078431372549
2.48627450980392
2.56078431372549
2.62745098039216
2.68235294117647
2.73725490196078
2.78823529411765
2.82745098039216
2.85882352941176
2.89019607843137
2.91372549019608
2.93333333333333
2.94901960784314
2.96078431372549
2.97254901960784
2.97647058823529
2.98039215686275
2.9843137254902
2.9843137254902
2.9843137254902
2.9843137254902
2.98039215686275
2.97647058823529
0.847058823529412
0.83921568627451
0.835294117647059
0.835294117647059
0.835294117647059
0.83921568627451
0.847058823529412
0.850980392156863
0.866666666666667
0.87843137254902
0.901960784313725
0.92156862745098
0.952941176470588
0.984313725490196
1.01960784313725
1.06274509803922
1.11372549019608
1.16862745098039
1.23137254901961
1.30196078431373
1.37647058823529
1.45490196078431
1.54509803921569
1.63137254901961
1.72156862745098
1.8156862745098
1.90588235294118
2.00392156862745
2.09803921568627
2.18823529411765
2.27843137254902
2.36078431372549
2.44705882352941
2.52156862745098
2.58823529411765
2.65098039215686
2.70980392156863
2.75686274509804
2.8
2.83921568627451
2.87058823529412
2.89411764705882
2.91764705882353
2.93333333333333
2.94901960784314
2.96078431372549
2.96470588235294
2.97254901960784
2.97647058823529
2.97647058823529
2.97647058823529
2.97647058823529
2.97254901960784
2.97254901960784
0.819607843137255
0.815686274509804
0.807843137254902
0.807843137254902
0.807843137254902
0.807843137254902
0.815686274509804
0.823529411764706
0.835294117647059
0.847058823529412
0.866666666666667
0.890196078431373
0.913725490196078
0.945098039215686
0.984313725490196
1.02745098039216
1.07058823529412
1.12549019607843
1.18823529411765
1.25098039215686
1.32549019607843
1.4078431372549
1.49411764705882
1.58823529411765
1.67450980392157
1.76470588235294
1.85882352941176
1.95294117647059
2.04705882352941
2.14117647058824
2.23137254901961
2.31764705882353
2.4
2.47843137254902
2.54901960784314
2.61176470588235
2.67058823529412
2.72156862745098
2.77254901960784
2.81176470588235
2.84313725490196
2.87058823529412
2.89411764705882
2.91372549019608
2.92941176470588
2.94117647058824
2.94901960784314
2.96078431372549
2.96078431372549
2.96470588235294
2.96470588235294
2.96470588235294
2.96078431372549
2.96078431372549
0.796078431372549
0.792156862745098
0.784313725490196
0.784313725490196
0.784313725490196
0.784313725490196
0.788235294117647
0.796078431372549
0.803921568627451
0.819607843137255
0.835294117647059
0.858823529411765
0.882352941176471
0.913725490196078
0.945098039215686
0.988235294117647
1.03137254901961
1.08235294117647
1.14509803921569
1.2078431372549
1.28235294117647
1.36078431372549
1.44313725490196
1.53725490196078
1.62745098039216
1.71764705882353
1.8078431372549
1.90196078431373
1.99607843137255
2.09019607843137
2.18039215686275
2.26666666666667
2.35294117647059
2.42745098039216
2.50196078431373
2.56862745098039
2.62745098039216
2.68235294117647
2.73333333333333
2.77254901960784
2.81176470588235
2.84313725490196
2.86666666666667
2.89019607843137
2.90588235294118
2.92156862745098
2.93333333333333
2.93725490196078
2.94509803921569
2.94901960784314
2.94901960784314
2.94901960784314
2.94509803921569
2.94117647058824
0.776470588235294
0.768627450980392
0.764705882352941
0.76078431372549
0.756862745098039
0.76078431372549
0.764705882352941
0.768627450980392
0.776470588235294
0.792156862745098
0.807843137254902
0.827450980392157
0.850980392156863
0.87843137254902
0.913725490196078
0.952941176470588
0.996078431372549
1.04705882352941
1.10588235294118
1.16862745098039
1.23921568627451
1.31764705882353
1.4
1.48627450980392
1.58039215686275
1.67058823529412
1.76078431372549
1.85098039215686
1.94509803921569
2.03529411764706
2.12941176470588
2.21176470588235
2.29803921568627
2.37647058823529
2.45098039215686
2.51764705882353
2.5843137254902
2.63921568627451
2.69019607843137
2.73333333333333
2.77254901960784
2.80392156862745
2.83137254901961
2.85490196078431
2.87843137254902
2.89411764705882
2.90588235294118
2.91372549019608
2.92156862745098
2.92549019607843
2.92549019607843
2.92549019607843
2.92156862745098
2.92156862745098
0.756862745098039
0.749019607843137
0.741176470588235
0.741176470588235
0.733333333333333
0.733333333333333
0.741176470588235
0.745098039215686
0.752941176470588
0.764705882352941
0.784313725490196
0.8
0.823529411764706
0.850980392156863
0.882352941176471
0.92156862745098
0.964705882352941
1.0156862745098
1.07058823529412
1.13333333333333
1.2
1.27450980392157
1.35686274509804
1.44313725490196
1.53333333333333
1.62745098039216
1.71372549019608
1.80392156862745
1.89019607843137
1.9843137254902
2.07450980392157
2.15686274509804
2.23921568627451
2.32156862745098
2.39607843137255
2.46274509803922
2.52941176470588
2.5843137254902
2.63921568627451
2.68235294117647
2.72549019607843
2.76078431372549
2.7921568627451
2.8156862745098
2.83921568627451
2.85882352941176
2.87058823529412
2.88235294117647
2.89019607843137
2.89411764705882
2.89803921568627
2.89803921568627
2.89411764705882
2.89019607843137
0.741176470588235
0.729411764705882
0.72156862745098
0.717647058823529
0.713725490196078
0.713725490196078
0.717647058823529
0.72156862745098
0.733333333333333
0.741176470588235
0.756862745098039
0.776470588235294
0.796078431372549
0.827450980392157
0.858823529411765
0.894117647058823
0.933333333333333
0.984313725490196
1.03921568627451
1.09803921568627
1.16470588235294
1.23921568627451
1.31372549019608
1.4
1.48627450980392
1.58039215686275
1.66666666666667
1.75294117647059
1.84313725490196
1.92941176470588
2.01960784313725
2.10196078431373
2.1843137254902
2.26274509803922
2.33333333333333
2.40392156862745
2.46666666666667
2.52941176470588
2.58039215686274
2.62745098039216
2.67058823529412
2.70980392156863
2.74509803921569
2.77254901960784
2.7921568627451
2.8156862745098
2.82745098039216
2.84313725490196
2.85098039215686
2.85490196078431
2.85882352941176
2.85882352941176
2.85490196078431
2.85490196078431
0.72156862745098
0.709803921568627
0.701960784313725
0.698039215686274
0.698039215686274
0.698039215686274
0.698039215686274
0.701960784313725
0.709803921568627
0.72156862745098
0.733333333333333
0.752941176470588
0.776470588235294
0.803921568627451
0.831372549019608
0.866666666666667
0.909803921568627
0.956862745098039
1.0078431372549
1.06666666666667
1.13333333333333
1.2
1.27843137254902
1.35686274509804
1.44313725490196
1.53725490196078
1.61960784313725
1.70980392156863
1.7921568627451
1.87450980392157
1.95686274509804
2.04313725490196
2.12549019607843
2.19607843137255
2.27450980392157
2.34117647058824
2.4
2.46274509803922
2.51764705882353
2.56470588235294
2.61176470588235
2.65098039215686
2.68235294117647
2.71764705882353
2.73725490196078
2.76078431372549
2.77647058823529
2.7921568627451
2.8
2.81176470588235
2.81176470588235
2.8156862745098
2.81176470588235
2.80392156862745
0.709803921568627
0.698039215686274
0.690196078431373
0.682352941176471
0.67843137254902
0.67843137254902
0.682352941176471
0.686274509803922
0.694117647058824
0.701960784313725
0.717647058823529
0.733333333333333
0.752941176470588
0.784313725490196
0.807843137254902
0.847058823529412
0.886274509803922
0.933333333333333
0.984313725490196
1.03921568627451
1.10196078431373
1.17254901960784
1.24313725490196
1.32549019607843
1.4078431372549
1.49411764705882
1.58039215686275
1.65882352941176
1.74117647058824
1.82352941176471
1.90196078431373
1.9843137254902
2.05882352941176
2.13333333333333
2.20392156862745
2.27450980392157
2.33333333333333
2.3921568627451
2.44705882352941
2.49411764705882
2.54117647058824
2.58039215686274
2.6156862745098
2.64705882352941
2.67450980392157
2.69411764705882
2.71764705882353
2.73333333333333
2.74509803921569
2.74901960784314
2.75686274509804
2.75686274509804
2.75686274509804
2.74901960784314
0.690196078431373
0.682352941176471
0.67843137254902
0.670588235294118
0.666666666666667
0.666666666666667
0.666666666666667
0.670588235294118
0.67843137254902
0.690196078431373
0.701960784313725
0.717647058823529
0.741176470588235
0.764705882352941
0.792156862745098
0.827450980392157
0.866666666666667
0.913725490196078
0.964705882352941
1.01960784313725
1.07843137254902
1.14509803921569
1.2156862745098
1.29019607843137
1.36862745098039
1.45098039215686
1.53725490196078
1.61960784313725
1.69803921568627
1.77647058823529
1.84705882352941
1.92549019607843
1.99607843137255
2.06666666666667
2.13333333333333
2.2
2.25882352941176
2.31764705882353
2.36862745098039
2.4156862745098
2.46274509803922
2.50196078431373
2.53725490196078
2.57254901960784
2.6
2.62352941176471
2.64313725490196
2.65882352941176
2.67058823529412
2.67843137254902
2.68235294117647
2.69019607843137
2.69019607843137
2.68235294117647
0.682352941176471
0.670588235294118
0.666666666666667
0.658823529411765
0.654901960784314
0.654901960784314
0.658823529411765
0.658823529411765
0.666666666666667
0.67843137254902
0.690196078431373
0.701960784313725
0.72156862745098
0.749019607843137
0.776470588235294
0.815686274509804
0.850980392156863
0.894117647058823
0.945098039215686
1
1.05882352941176
1.12549019607843
1.1921568627451
1.26274509803922
1.33725490196078
1.41960784313726
1.49803921568627
1.58039215686275
1.65490196078431
1.72549019607843
1.79607843137255
1.87058823529412
1.93725490196078
2.00392156862745
2.06274509803922
2.12549019607843
2.18039215686275
2.23529411764706
2.28627450980392
2.33333333333333
2.37254901960784
2.4156862745098
2.45098039215686
2.48235294117647
2.50980392156863
2.53333333333333
2.55686274509804
2.57254901960784
2.58823529411765
2.6
2.60392156862745
2.6078431372549
2.6078431372549
2.60392156862745
0.670588235294118
0.658823529411765
0.654901960784314
0.647058823529412
0.647058823529412
0.647058823529412
0.647058823529412
0.650980392156863
0.658823529411765
0.666666666666667
0.67843137254902
0.690196078431373
0.713725490196078
0.741176470588235
0.764705882352941
0.8
0.83921568627451
0.882352941176471
0.933333333333333
0.984313725490196
1.04705882352941
1.10588235294118
1.17254901960784
1.23921568627451
1.31372549019608
1.38823529411765
1.46274509803922
1.53725490196078
1.6156862745098
1.68235294117647
1.74901960784314
1.8078431372549
1.87450980392157
1.93725490196078
1.9921568627451
2.04705882352941
2.10196078431373
2.15294117647059
2.19607843137255
2.23921568627451
2.28235294117647
2.32156862745098
2.35686274509804
2.3843137254902
2.41176470588235
2.43921568627451
2.46274509803922
2.47843137254902
2.49019607843137
2.50196078431373
2.50980392156863
2.51372549019608
2.51764705882353
2.51764705882353
0.666666666666667
0.654901960784314
0.647058823529412
0.643137254901961
0.63921568627451
0.63921568627451
0.63921568627451
0.643137254901961
0.647058823529412
0.658823529411765
0.666666666666667
0.682352941176471
0.701960784313725
0.729411764705882
0.756862745098039
0.792156862745098
0.831372549019608
0.87843137254902
0.925490196078431
0.976470588235294
1.03529411764706
1.09411764705882
1.15686274509804
1.22352941176471
1.29411764705882
1.36078431372549
1.43137254901961
1.50588235294118
1.57647058823529
1.63529411764706
1.69803921568627
1.75686274509804
1.8156862745098
1.87058823529412
1.92156862745098
1.97254901960784
2.01960784313725
2.06274509803922
2.10588235294118
2.14509803921569
2.1843137254902
2.21960784313726
2.25098039215686
2.27843137254902
2.30588235294118
2.32941176470588
2.35294117647059
2.36862745098039
2.3843137254902
2.39607843137255
2.4
2.4078431372549
2.41176470588235
2.41176470588235
0.658823529411765
0.647058823529412
0.63921568627451
0.635294117647059
0.635294117647059
0.635294117647059
0.635294117647059
0.63921568627451
0.643137254901961
0.650980392156863
0.662745098039216
0.67843137254902
0.698039215686274
0.72156862745098
0.752941176470588
0.788235294117647
0.827450980392157
0.870588235294118
0.92156862745098
0.972549019607843
1.02745098039216
1.09019607843137
1.14509803921569
1.21176470588235
1.27450980392157
1.33725490196078
1.4078431372549
1.47058823529412
1.53725490196078
1.6
1.65490196078431
1.70588235294118
1.75686274509804
1.80392156862745
1.85098039215686
1.89803921568627
1.93725490196078
1.97647058823529
2.01176470588235
2.05098039215686
2.08235294117647
2.11372549019608
2.14117647058824
2.16862745098039
2.1921568627451
2.21176470588235
2.23529411764706
2.25098039215686
2.26274509803922
2.27843137254902
2.28627450980392
2.29019607843137
2.29411764705882
2.30196078431373
0.654901960784314
0.647058823529412
0.63921568627451
0.635294117647059
0.635294117647059
0.635294117647059
0.635294117647059
0.635294117647059
0.63921568627451
0.647058823529412
0.658823529411765
0.67843137254902
0.698039215686274
0.72156862745098
0.752941176470588
0.788235294117647
0.827450980392157
0.870588235294118
0.92156862745098
0.972549019607843
1.02745098039216
1.08235294117647
1.14509803921569
1.2
1.26274509803922
1.32549019607843
1.3843137254902
1.44313725490196
1.50196078431373
1.55686274509804
1.6078431372549
1.65882352941176
1.70196078431373
1.74117647058824
1.78039215686275
1.81960784313726
1.85490196078431
1.88627450980392
1.91764705882353
1.94901960784314
1.98039215686274
2.00392156862745
2.02745098039216
2.05098039215686
2.07450980392157
2.09019607843137
2.10588235294118
2.12549019607843
2.13725490196078
2.15294117647059
2.15686274509804
2.16862745098039
2.17254901960784
2.18039215686275
0.654901960784314
0.647058823529412
0.635294117647059
0.635294117647059
0.635294117647059
0.635294117647059
0.635294117647059
0.635294117647059
0.63921568627451
0.647058823529412
0.658823529411765
0.67843137254902
0.698039215686274
0.72156862745098
0.756862745098039
0.792156862745098
0.835294117647059
0.87843137254902
0.925490196078431
0.976470588235294
1.03137254901961
1.09019607843137
1.14509803921569
1.2
1.25882352941176
1.31372549019608
1.36862745098039
1.41960784313726
1.47450980392157
1.52549019607843
1.56862745098039
1.6078431372549
1.64705882352941
1.68235294117647
1.71372549019608
1.74901960784314
1.77647058823529
1.80392156862745
1.82352941176471
1.84705882352941
1.87058823529412
1.89019607843137
1.91372549019608
1.92941176470588
1.94509803921569
1.96470588235294
1.98039215686274
1.9921568627451
2.00392156862745
2.0156862745098
2.02352941176471
2.03529411764706
2.04313725490196
2.04705882352941
0.658823529411765
0.647058823529412
0.635294117647059
0.635294117647059
0.635294117647059
0.635294117647059
0.635294117647059
0.635294117647059
0.63921568627451
0.647058823529412
0.658823529411765
0.67843137254902
0.701960784313725
0.729411764705882
0.764705882352941
0.803921568627451
0.847058823529412
0.890196078431373
0.941176470588235
0.988235294117647
1.03921568627451
1.09411764705882
1.14509803921569
1.2
1.25098039215686
1.30588235294118
1.35686274509804
1.4
1.44705882352941
1.49019607843137
1.52941176470588
1.56862745098039
1.6
1.62745098039216
1.65098039215686
1.67450980392157
1.69803921568627
1.71372549019608
1.73333333333333
1.74901960784314
1.76470588235294
1.78039215686275
1.7921568627451
1.8078431372549
1.81960784313726
1.83529411764706
1.84705882352941
1.85882352941176
1.87058823529412
1.87843137254902
1.89019607843137
1.89803921568627
1.90980392156863
1.91372549019608
0.666666666666667
0.647058823529412
0.63921568627451
0.635294117647059
0.635294117647059
0.635294117647059
0.635294117647059
0.635294117647059
0.63921568627451
0.650980392156863
0.666666666666667
0.686274509803922
0.709803921568627
0.741176470588235
0.776470588235294
0.819607843137255
0.862745098039216
0.909803921568627
0.956862745098039
1.0078431372549
1.05882352941176
1.10980392156863
1.15686274509804
1.2078431372549
1.25490196078431
1.30196078431373
1.34509803921569
1.38823529411765
1.42352941176471
1.46274509803922
1.49411764705882
1.51764705882353
1.54509803921569
1.56862745098039
1.58823529411765
1.60392156862745
1.61960784313725
1.63137254901961
1.64313725490196
1.65490196078431
1.66274509803922
1.67058823529412
1.68235294117647
1.68627450980392
1.69803921568627
1.70980392156863
1.71372549019608
1.72549019607843
1.73725490196078
1.74117647058824
1.75294117647059
1.76470588235294
1.77647058823529
1.7843137254902
0.67843137254902
0.658823529411765
0.647058823529412
0.63921568627451
0.635294117647059
0.635294117647059
0.635294117647059
0.63921568627451
0.647058823529412
0.658823529411765
0.67843137254902
0.701960784313725
0.729411764705882
0.764705882352941
0.803921568627451
0.83921568627451
0.890196078431373
0.933333333333333
0.984313725490196
1.03137254901961
1.07843137254902
1.12549019607843
1.17647058823529
1.21960784313726
1.26274509803922
1.30196078431373
1.33725490196078
1.37647058823529
1.4078431372549
1.43137254901961
1.45882352941176
1.48235294117647
1.49411764705882
1.51372549019608
1.52549019607843
1.53333333333333
1.53725490196078
1.54509803921569
1.54901960784314
1.55686274509804
1.56078431372549
1.56470588235294
1.56862745098039
1.56862745098039
1.57647058823529
1.58039215686275
1.58823529411765
1.59607843137255
1.60392156862745
1.6156862745098
1.61960784313725
1.63137254901961
1.64313725490196
1.65490196078431
0.698039215686274
0.67843137254902
0.658823529411765
0.650980392156863
0.647058823529412
0.647058823529412
0.647058823529412
0.650980392156863
0.658823529411765
0.67843137254902
0.698039215686274
0.72156862745098
0.752941176470588
0.792156862745098
0.831372549019608
0.87843137254902
0.92156862745098
0.964705882352941
1.0156862745098
1.06274509803922
1.10588235294118
1.15294117647059
1.19607843137255
1.23529411764706
1.27058823529412
1.30588235294118
1.33725490196078
1.36470588235294
1.38823529411765
1.41176470588235
1.42745098039216
1.43921568627451
1.45098039215686
1.45490196078431
1.46274509803922
1.46274509803922
1.46274509803922
1.46274509803922
1.45882352941176
1.45490196078431
1.45098039215686
1.45098039215686
1.45098039215686
1.45098039215686
1.45098039215686
1.45098039215686
1.45490196078431
1.45882352941176
1.46666666666667
1.47450980392157
1.48627450980392
1.49803921568627
1.51372549019608
1.52549019607843
0.733333333333333
0.709803921568627
0.686274509803922
0.670588235294118
0.666666666666667
0.666666666666667
0.666666666666667
0.670588235294118
0.686274509803922
0.701960784313725
0.729411764705882
0.76078431372549
0.796078431372549
0.831372549019608
0.870588235294118
0.92156862745098
0.964705882352941
1.0078431372549
1.05098039215686
1.10196078431373
1.14117647058824
1.1843137254902
1.21960784313726
1.25490196078431
1.28627450980392
1.31372549019608
1.33725490196078
1.36078431372549
1.37647058823529
1.38823529411765
1.4
1.4
1.4078431372549
1.40392156862745
1.4
1.39607843137255
1.38823529411765
1.38039215686275
1.36862745098039
1.36078431372549
1.35294117647059
1.34509803921569
1.33725490196078
1.33333333333333
1.33333333333333
1.32549019607843
1.32941176470588
1.33333333333333
1.33725490196078
1.34509803921569
1.35686274509804
1.36862745098039
1.38039215686275
1.39607843137255
0.792156862745098
0.76078431372549
0.733333333333333
0.713725490196078
0.701960784313725
0.701960784313725
0.701960784313725
0.713725490196078
0.729411764705882
0.749019607843137
0.776470588235294
0.807843137254902
0.847058823529412
0.890196078431373
0.929411764705882
0.972549019607843
1.01960784313725
1.05882352941176
1.10196078431373
1.14509803921569
1.1843137254902
1.21960784313726
1.25098039215686
1.28235294117647
1.30588235294118
1.32549019607843
1.34509803921569
1.35686274509804
1.36862745098039
1.36862745098039
1.36862745098039
1.36862745098039
1.36470588235294
1.35686274509804
1.34509803921569
1.33333333333333
1.31764705882353
1.30196078431373
1.29019607843137
1.27450980392157
1.25882352941176
1.25098039215686
1.23921568627451
1.22745098039216
1.21960784313726
1.21960784313726
1.2156862745098
1.21960784313726
1.21960784313726
1.22745098039216
1.23921568627451
1.25098039215686
1.26274509803922
1.27843137254902
0.87843137254902
0.83921568627451
0.807843137254902
0.784313725490196
0.772549019607843
0.764705882352941
0.764705882352941
0.776470588235294
0.796078431372549
0.815686274509804
0.847058823529412
0.882352941176471
0.92156862745098
0.956862745098039
1
1.03921568627451
1.08235294117647
1.12156862745098
1.16470588235294
1.19607843137255
1.23137254901961
1.25882352941176
1.28235294117647
1.30588235294118
1.32549019607843
1.33725490196078
1.34901960784314
1.35686274509804
1.35686274509804
1.35686274509804
1.34901960784314
1.33725490196078
1.32549019607843
1.30588235294118
1.29019607843137
1.27058823529412
1.25098039215686
1.23137254901961
1.21176470588235
1.19607843137255
1.17647058823529
1.15686274509804
1.14509803921569
1.13333333333333
1.12549019607843
1.12156862745098
1.11372549019608
1.11372549019608
1.12156862745098
1.12549019607843
1.13333333333333
1.14509803921569
1.15686274509804
1.17254901960784
1
0.956862745098039
0.92156862745098
0.894117647058823
0.87843137254902
0.870588235294118
0.870588235294118
0.87843137254902
0.894117647058823
0.917647058823529
0.945098039215686
0.976470588235294
1.0156862745098
1.05098039215686
1.09019607843137
1.12549019607843
1.16470588235294
1.19607843137255
1.22745098039216
1.25882352941176
1.28235294117647
1.30588235294118
1.32549019607843
1.33725490196078
1.34901960784314
1.35686274509804
1.35686274509804
1.35686274509804
1.34901960784314
1.33725490196078
1.32549019607843
1.30588235294118
1.28627450980392
1.26274509803922
1.23921568627451
1.2156862745098
1.18823529411765
1.16470588235294
1.14509803921569
1.12156862745098
1.10196078431373
1.08235294117647
1.06274509803922
1.05098039215686
1.03921568627451
1.03137254901961
1.02745098039216
1.02745098039216
1.02745098039216
1.03529411764706
1.03921568627451
1.05098039215686
1.06274509803922
1.08235294117647
1.16470588235294
1.12549019607843
1.08627450980392
1.05882352941176
1.03529411764706
1.01960784313725
1.0156862745098
1.01960784313725
1.03529411764706
1.05098039215686
1.07843137254902
1.10196078431373
1.13333333333333
1.16470588235294
1.19607843137255
1.22352941176471
1.25098039215686
1.27843137254902
1.30196078431373
1.32549019607843
1.34117647058824
1.35686274509804
1.36862745098039
1.37647058823529
1.37647058823529
1.37647058823529
1.36862745098039
1.35686274509804
1.34509803921569
1.32549019607843
1.30588235294118
1.28235294117647
1.25098039215686
1.22352941176471
1.19607843137255
1.16470588235294
1.13333333333333
1.10588235294118
1.07843137254902
1.05098039215686
1.03137254901961
1.01176470588235
0.996078431372549
0.976470588235294
0.968627450980392
0.956862745098039
0.952941176470588
0.952941176470588
0.952941176470588
0.956862745098039
0.964705882352941
0.972549019607843
0.988235294117647
1.00392156862745
1.37647058823529
1.33725490196078
1.30196078431373
1.27058823529412
1.24705882352941
1.22745098039216
1.21960784313726
1.2156862745098
1.21960784313726
1.22745098039216
1.24313725490196
1.25882352941176
1.27843137254902
1.29411764705882
1.31764705882353
1.33725490196078
1.35294117647059
1.36862745098039
1.3843137254902
1.39607843137255
1.40392156862745
1.4078431372549
1.41176470588235
1.41176470588235
1.4078431372549
1.39607843137255
1.38039215686275
1.36470588235294
1.33725490196078
1.31372549019608
1.28235294117647
1.25098039215686
1.21960784313726
1.1843137254902
1.15294117647059
1.11372549019608
1.08235294117647
1.05098039215686
1.01960784313725
0.996078431372549
0.972549019607843
0.952941176470588
0.933333333333333
0.917647058823529
0.905882352941176
0.898039215686274
0.890196078431373
0.890196078431373
0.890196078431373
0.890196078431373
0.898039215686274
0.909803921568627
0.92156862745098
0.933333333333333
1.61176470588235
1.58823529411765
1.55686274509804
1.52941176470588
1.50588235294118
1.48235294117647
1.46274509803922
1.45098039215686
1.43921568627451
1.43529411764706
1.43529411764706
1.43921568627451
1.43921568627451
1.44313725490196
1.45098039215686
1.45882352941176
1.46274509803922
1.46666666666667
1.47058823529412
1.47058823529412
1.47058823529412
1.46666666666667
1.45882352941176
1.45098039215686
1.43137254901961
1.4156862745098
1.3921568627451
1.36470588235294
1.33725490196078
1.30196078431373
1.26274509803922
1.22745098039216
1.18823529411765
1.14901960784314
1.10980392156863
1.07058823529412
1.03921568627451
1.00392156862745
0.972549019607843
0.945098039215686
0.92156862745098
0.898039215686274
0.87843137254902
0.866666666666667
0.850980392156863
0.847058823529412
0.83921568627451
0.835294117647059
0.835294117647059
0.83921568627451
0.847058823529412
0.854901960784314
0.866666666666667
0.87843137254902
1.83529411764706
1.81960784313726
1.80392156862745
1.7843137254902
1.76470588235294
1.74117647058824
1.71372549019608
1.69411764705882
1.67450980392157
1.65490196078431
1.63529411764706
1.62352941176471
1.6156862745098
1.60392156862745
1.5921568627451
1.58823529411765
1.57647058823529
1.56862745098039
1.56078431372549
1.54901960784314
1.53725490196078
1.52549019607843
1.50588235294118
1.48627450980392
1.46274509803922
1.43529411764706
1.4078431372549
1.36862745098039
1.33333333333333
1.29019607843137
1.24705882352941
1.20392156862745
1.15686274509804
1.11372549019608
1.07058823529412
1.03137254901961
0.996078431372549
0.96078431372549
0.929411764705882
0.901960784313725
0.87843137254902
0.854901960784314
0.835294117647059
0.819607843137255
0.807843137254902
0.803921568627451
0.796078431372549
0.796078431372549
0.796078431372549
0.796078431372549
0.803921568627451
0.807843137254902
0.819607843137255
0.835294117647059
2.04313725490196
2.04313725490196
2.03529411764706
2.02352941176471
2.00392156862745
1.98039215686274
1.95294117647059
1.91764705882353
1.88627450980392
1.85882352941176
1.82352941176471
1.79607843137255
1.76862745098039
1.74117647058824
1.72156862745098
1.70196078431373
1.68235294117647
1.66274509803922
1.64313725490196
1.62745098039216
1.60392156862745
1.58039215686275
1.55686274509804
1.52549019607843
1.49411764705882
1.45490196078431
1.41960784313726
1.37647058823529
1.32549019607843
1.28235294117647
1.23137254901961
1.18039215686275
1.13333333333333
1.08235294117647
1.03921568627451
0.996078431372549
0.956862745098039
0.92156862745098
0.890196078431373
0.858823529411765
0.83921568627451
0.815686274509804
0.8
0.784313725490196
0.776470588235294
0.764705882352941
0.764705882352941
0.76078431372549
0.76078431372549
0.764705882352941
0.764705882352941
0.776470588235294
0.784313725490196
0.796078431372549
2.22352941176471
2.22745098039216
2.23137254901961
2.22352941176471
2.2078431372549
2.1843137254902
2.15686274509804
2.11764705882353
2.07843137254902
2.03921568627451
1.99607843137255
1.95686274509804
1.91764705882353
1.88235294117647
1.84705882352941
1.8156862745098
1.78039215686275
1.75294117647059
1.72549019607843
1.69411764705882
1.66274509803922
1.63137254901961
1.6
1.56470588235294
1.52156862745098
1.47450980392157
1.42745098039216
1.37647058823529
1.32549019607843
1.27058823529412
1.2156862745098
1.16470588235294
1.10980392156863
1.05882352941176
1.0078431372549
0.964705882352941
0.925490196078431
0.890196078431373
0.858823529411765
0.827450980392157
0.803921568627451
0.784313725490196
0.772549019607843
0.756862745098039
0.745098039215686
0.741176470588235
0.733333333333333
0.733333333333333
0.733333333333333
0.733333333333333
0.741176470588235
0.745098039215686
0.752941176470588
0.764705882352941
2.36078431372549
2.37254901960784
2.38039215686275
2.37254901960784
2.36470588235294
2.34509803921569
2.31764705882353
2.27843137254902
2.23921568627451
2.19607843137255
2.14509803921569
2.10196078431373
2.05098039215686
2.0078431372549
1.96470588235294
1.91764705882353
1.87450980392157
1.83529411764706
1.79607843137255
1.76078431372549
1.72156862745098
1.68235294117647
1.64313725490196
1.6
1.54901960784314
1.49411764705882
1.43921568627451
1.38039215686275
1.32156862745098
1.26274509803922
1.2
1.14117647058824
1.08235294117647
1.03137254901961
0.984313725490196
0.937254901960784
0.894117647058823
0.858823529411765
0.827450980392157
0.803921568627451
0.780392156862745
0.76078431372549
0.745098039215686
0.733333333333333
0.725490196078431
0.72156862745098
0.713725490196078
0.713725490196078
0.713725490196078
0.713725490196078
0.72156862745098
0.725490196078431
0.733333333333333
0.741176470588235
2.46274509803922
2.47450980392157
2.48235294117647
2.47843137254902
2.47450980392157
2.45490196078431
2.43529411764706
2.4
2.36078431372549
2.31764705882353
2.26666666666667
2.21960784313726
2.16862745098039
2.11372549019608
2.06274509803922
2.01176470588235
1.96470588235294
1.91372549019608
1.87058823529412
1.82352941176471
1.77647058823529
1.72941176470588
1.68235294117647
1.63137254901961
1.57647058823529
1.51372549019608
1.45098039215686
1.38823529411765
1.31764705882353
1.25098039215686
1.18823529411765
1.12549019607843
1.06274509803922
1.0078431372549
0.956862745098039
0.913725490196078
0.870588235294118
0.835294117647059
0.803921568627451
0.780392156862745
0.756862745098039
0.741176470588235
0.729411764705882
0.717647058823529
0.709803921568627
0.701960784313725
0.701960784313725
0.698039215686274
0.698039215686274
0.701960784313725
0.701960784313725
0.709803921568627
0.717647058823529
0.725490196078431
2.52941176470588
2.54117647058824
2.54901960784314
2.54901960784314
2.54509803921569
2.53333333333333
2.50980392156863
2.48235294117647
2.45098039215686
2.41176470588235
2.36078431372549
2.31372549019608
2.25882352941176
2.2078431372549
2.15294117647059
2.09411764705882
2.03921568627451
1.9843137254902
1.93333333333333
1.88235294117647
1.82745098039216
1.76862745098039
1.71372549019608
1.65882352941176
1.6
1.53333333333333
1.46274509803922
1.38823529411765
1.31764705882353
1.24313725490196
1.17647058823529
1.10980392156863
1.04705882352941
0.988235294117647
0.937254901960784
0.890196078431373
0.850980392156863
0.815686274509804
0.784313725490196
0.76078431372549
0.741176470588235
0.725490196078431
0.713725490196078
0.701960784313725
0.698039215686274
0.690196078431373
0.690196078431373
0.686274509803922
0.686274509803922
0.690196078431373
0.690196078431373
0.698039215686274
0.701960784313725
0.709803921568627
2.57254901960784
2.5843137254902
2.58823529411765
2.58823529411765
2.5843137254902
2.57647058823529
2.56078431372549
2.54117647058824
2.50980392156863
2.47450980392157
2.43529411764706
2.3843137254902
2.33333333333333
2.27843137254902
2.22352941176471
2.16470588235294
2.10588235294118
2.04705882352941
1.9921568627451
1.92941176470588
1.87450980392157
1.81176470588235
1.74901960784314
1.68627450980392
1.61960784313725
1.54901960784314
1.47058823529412
1.3921568627451
1.31372549019608
1.23921568627451
1.16470588235294
1.09411764705882
1.03137254901961
0.972549019607843
0.92156862745098
0.870588235294118
0.835294117647059
0.796078431372549
0.772549019607843
0.745098039215686
0.729411764705882
0.713725490196078
0.701960784313725
0.690196078431373
0.686274509803922
0.682352941176471
0.67843137254902
0.67843137254902
0.67843137254902
0.67843137254902
0.682352941176471
0.690196078431373
0.690196078431373
0.701960784313725
2.59607843137255
2.60392156862745
2.61176470588235
2.61176470588235
2.6078431372549
2.6
2.58823529411765
2.57254901960784
2.54901960784314
2.51764705882353
2.47843137254902
2.43921568627451
2.38823529411765
2.33333333333333
2.27843137254902
2.22352941176471
2.16470588235294
2.10196078431373
2.03921568627451
1.97647058823529
1.91372549019608
1.84705882352941
1.78039215686275
1.70980392156863
1.63529411764706
1.56078431372549
1.48235294117647
1.39607843137255
1.31372549019608
1.23137254901961
1.15686274509804
1.08235294117647
1.01960784313725
0.956862745098039
0.901960784313725
0.858823529411765
0.819607843137255
0.784313725490196
0.756862745098039
0.733333333333333
0.717647058823529
0.701960784313725
0.694117647058824
0.686274509803922
0.67843137254902
0.67843137254902
0.674509803921569
0.674509803921569
0.674509803921569
0.67843137254902
0.67843137254902
0.682352941176471
0.686274509803922
0.690196078431373
2.61176470588235
2.6156862745098
2.62352941176471
2.62352941176471
2.6156862745098
2.6156862745098
2.6078431372549
2.59607843137255
2.57254901960784
2.54901960784314
2.51764705882353
2.47450980392157
2.42745098039216
2.38039215686275
2.32549019607843
2.26666666666667
2.2078431372549
2.14509803921569
2.08235294117647
2.0156862745098
1.94901960784314
1.87450980392157
1.80392156862745
1.72941176470588
1.65490196078431
1.57647058823529
1.48627450980392
1.4
1.31372549019608
1.22745098039216
1.14901960784314
1.07450980392157
1.0078431372549
0.945098039215686
0.894117647058823
0.847058823529412
0.807843137254902
0.776470588235294
0.749019607843137
0.729411764705882
0.709803921568627
0.698039215686274
0.690196078431373
0.67843137254902
0.67843137254902
0.670588235294118
0.670588235294118
0.670588235294118
0.670588235294118
0.670588235294118
0.674509803921569
0.67843137254902
0.682352941176471
0.690196078431373
2.6156862745098
2.62352941176471
2.62352941176471
2.62352941176471
2.62352941176471
2.62352941176471
2.6156862745098
2.60392156862745
2.58823529411765
2.56862745098039
2.53725490196078
2.50196078431373
2.46274509803922
2.41176470588235
2.36078431372549
2.30588235294118
2.24705882352941
2.18039215686275
2.11764705882353
2.04705882352941
1.98039215686274
1.90196078431373
1.83137254901961
1.74901960784314
1.67058823529412
1.58823529411765
1.49411764705882
1.4
1.31372549019608
1.22745098039216
1.14509803921569
1.07058823529412
1
0.941176470588235
0.886274509803922
0.83921568627451
0.803921568627451
0.768627450980392
0.741176470588235
0.72156862745098
0.705882352941176
0.690196078431373
0.686274509803922
0.67843137254902
0.670588235294118
0.670588235294118
0.670588235294118
0.666666666666667
0.666666666666667
0.670588235294118
0.670588235294118
0.674509803921569
0.67843137254902
0.686274509803922
2.62352941176471
2.62352941176471
2.62745098039216
2.62745098039216
2.62745098039216
2.62352941176471
2.6156862745098
2.61176470588235
2.59607843137255
2.57647058823529
2.54901960784314
2.51764705882353
2.47843137254902
2.43529411764706
2.3843137254902
2.33333333333333
2.27450980392157
2.21176470588235
2.14509803921569
2.07450980392157
2.00392156862745
1.92549019607843
1.84705882352941
1.76470588235294
1.68235294117647
1.59607843137255
1.50196078431373
1.4078431372549
1.31372549019608
1.22745098039216
1.14117647058824
1.06274509803922
0.996078431372549
0.933333333333333
0.87843137254902
0.835294117647059
0.796078431372549
0.764705882352941
0.741176470588235
0.72156862745098
0.701960784313725
0.690196078431373
0.682352941176471
0.67843137254902
0.670588235294118
0.670588235294118
0.666666666666667
0.666666666666667
0.666666666666667
0.666666666666667
0.670588235294118
0.670588235294118
0.67843137254902
0.682352941176471
2.62352941176471
2.62352941176471
2.62745098039216
2.62745098039216
2.62745098039216
2.62352941176471
2.62352941176471
2.61176470588235
2.6
2.5843137254902
2.56078431372549
2.52941176470588
2.49411764705882
2.45098039215686
2.40392156862745
2.35294117647059
2.29411764705882
2.23529411764706
2.16862745098039
2.09803921568627
2.02352941176471
1.94509803921569
1.86274509803922
1.78039215686275
1.69411764705882
1.60392156862745
1.50588235294118
1.41176470588235
1.31372549019608
1.22745098039216
1.14117647058824
1.06274509803922
0.992156862745098
0.933333333333333
0.87843137254902
0.831372549019608
0.796078431372549
0.764705882352941
0.733333333333333
0.717647058823529
0.701960784313725
0.690196078431373
0.682352941176471
0.67843137254902
0.670588235294118
0.670588235294118
0.666666666666667
0.666666666666667
0.666666666666667
0.666666666666667
0.670588235294118
0.670588235294118
0.67843137254902
0.682352941176471
2.62352941176471
2.62352941176471
2.62745098039216
2.62745098039216
2.62745098039216
2.62352941176471
2.6156862745098
2.61176470588235
2.6
2.5843137254902
2.56078431372549
2.53333333333333
2.50196078431373
2.46274509803922
2.4156862745098
2.36862745098039
2.30588235294118
2.24705882352941
2.1843137254902
2.11372549019608
2.03529411764706
1.95686274509804
1.87450980392157
1.7921568627451
1.70196078431373
1.6156862745098
1.51372549019608
1.4156862745098
1.31764705882353
1.22745098039216
1.14117647058824
1.06274509803922
0.992156862745098
0.933333333333333
0.87843137254902
0.831372549019608
0.796078431372549
0.764705882352941
0.741176470588235
0.717647058823529
0.701960784313725
0.690196078431373
0.682352941176471
0.67843137254902
0.670588235294118
0.670588235294118
0.666666666666667
0.666666666666667
0.666666666666667
0.670588235294118
0.670588235294118
0.670588235294118
0.67843137254902
0.682352941176471
2.6156862745098
2.62352941176471
2.62352941176471
2.62352941176471
2.62352941176471
2.62352941176471
2.6156862745098
2.61176470588235
2.6
2.5843137254902
2.56078431372549
2.53333333333333
2.50196078431373
2.46666666666667
2.42352941176471
2.37254901960784
2.31764705882353
2.25882352941176
2.1921568627451
2.12549019607843
2.04705882352941
1.96862745098039
1.88627450980392
1.79607843137255
1.70980392156863
1.61960784313725
1.51764705882353
1.41960784313726
1.32156862745098
1.23137254901961
1.14509803921569
1.06274509803922
0.996078431372549
0.933333333333333
0.87843137254902
0.835294117647059
0.796078431372549
0.764705882352941
0.741176470588235
0.72156862745098
0.701960784313725
0.690196078431373
0.686274509803922
0.67843137254902
0.674509803921569
0.670588235294118
0.670588235294118
0.670588235294118
0.670588235294118
0.670588235294118
0.670588235294118
0.674509803921569
0.67843137254902
0.682352941176471
2.6156862745098
2.6156862745098
2.62352941176471
2.62352941176471
2.62352941176471
2.6156862745098
2.61176470588235
2.60392156862745
2.59607843137255
2.57647058823529
2.55686274509804
2.53333333333333
2.50196078431373
2.46666666666667
2.42352941176471
2.37254901960784
2.32156862745098
2.26274509803922
2.2
2.12941176470588
2.05882352941176
1.97647058823529
1.89019607843137
1.80392156862745
1.71372549019608
1.62352941176471
1.52549019607843
1.42352941176471
1.32549019607843
1.23529411764706
1.14901960784314
1.07058823529412
1
0.937254901960784
0.882352941176471
0.83921568627451
0.8
0.772549019607843
0.745098039215686
0.72156862745098
0.709803921568627
0.698039215686274
0.690196078431373
0.67843137254902
0.67843137254902
0.670588235294118
0.670588235294118
0.670588235294118
0.670588235294118
0.670588235294118
0.674509803921569
0.67843137254902
0.67843137254902
0.686274509803922
2.61176470588235
2.61176470588235
2.6156862745098
2.6156862745098
2.6156862745098
2.61176470588235
2.60392156862745
2.6
2.5843137254902
2.57254901960784
2.54901960784314
2.52941176470588
2.49411764705882
2.46274509803922
2.42352941176471
2.37254901960784
2.32156862745098
2.26274509803922
2.2
2.13333333333333
2.05882352941176
1.98039215686274
1.89803921568627
1.8078431372549
1.72156862745098
1.63137254901961
1.53333333333333
1.43137254901961
1.33333333333333
1.23921568627451
1.15686274509804
1.07843137254902
1.0078431372549
0.945098039215686
0.890196078431373
0.847058823529412
0.807843137254902
0.776470588235294
0.752941176470588
0.729411764705882
0.713725490196078
0.701960784313725
0.690196078431373
0.686274509803922
0.67843137254902
0.67843137254902
0.67843137254902
0.674509803921569
0.674509803921569
0.67843137254902
0.67843137254902
0.67843137254902
0.682352941176471
0.690196078431373
2.6
2.60392156862745
2.6078431372549
2.6078431372549
2.6078431372549
2.60392156862745
2.6
2.58823529411765
2.57647058823529
2.56078431372549
2.54509803921569
2.51764705882353
2.49019607843137
2.45490196078431
2.4156862745098
2.36862745098039
2.31764705882353
2.26274509803922
2.2
2.13333333333333
2.05882352941176
1.98039215686274
1.89803921568627
1.81176470588235
1.72549019607843
1.63137254901961
1.53725490196078
1.43921568627451
1.33725490196078
1.25098039215686
1.16470588235294
1.08235294117647
1.0156862745098
0.952941176470588
0.901960784313725
0.854901960784314
0.815686274509804
0.784313725490196
0.756862745098039
0.733333333333333
0.72156862745098
0.709803921568627
0.698039215686274
0.690196078431373
0.686274509803922
0.682352941176471
0.67843137254902
0.67843137254902
0.67843137254902
0.67843137254902
0.67843137254902
0.682352941176471
0.686274509803922
0.690196078431373
2.5921568627451
2.59607843137255
2.6
2.6
2.59607843137255
2.59607843137255
2.58823529411765
2.57647058823529
2.56862745098039
2.54901960784314
2.53333333333333
2.50588235294118
2.47843137254902
2.44705882352941
2.4078431372549
2.36078431372549
2.31372549019608
2.25882352941176
2.19607843137255
2.12941176470588
2.05882352941176
1.98039215686274
1.89803921568627
1.8156862745098
1.72549019607843
1.63529411764706
1.54509803921569
1.44313725490196
1.34901960784314
1.25882352941176
1.17254901960784
1.09411764705882
1.02745098039216
0.964705882352941
0.909803921568627
0.866666666666667
0.827450980392157
0.796078431372549
0.764705882352941
0.745098039215686
0.729411764705882
0.713725490196078
0.701960784313725
0.698039215686274
0.690196078431373
0.690196078431373
0.686274509803922
0.682352941176471
0.682352941176471
0.682352941176471
0.686274509803922
0.690196078431373
0.690196078431373
0.698039215686274
2.5843137254902
2.5843137254902
2.58823529411765
2.58823529411765
2.5843137254902
2.5843137254902
2.57254901960784
2.56862745098039
2.55686274509804
2.53725490196078
2.51764705882353
2.49411764705882
2.46666666666667
2.43529411764706
2.39607843137255
2.35294117647059
2.30196078431373
2.25098039215686
2.18823529411765
2.12549019607843
2.05098039215686
1.97647058823529
1.89803921568627
1.81176470588235
1.72549019607843
1.63921568627451
1.54509803921569
1.45098039215686
1.35686274509804
1.27058823529412
1.1843137254902
1.10980392156863
1.03921568627451
0.976470588235294
0.925490196078431
0.87843137254902
0.83921568627451
0.807843137254902
0.776470588235294
0.756862745098039
0.741176470588235
0.725490196078431
0.713725490196078
0.705882352941176
0.698039215686274
0.694117647058824
0.690196078431373
0.690196078431373
0.690196078431373
0.690196078431373
0.690196078431373
0.694117647058824
0.698039215686274
0.701960784313725
